$GPRMC,090034,V,2222.6422,N,11333.4784,E,,,180717,002.0,W*79
$GPGGA,090034,2222.6422,N,11333.4784,E,0,01,,,M,,M,,*5C
$GPGSA,A,1,,,,,,,,,,,,,,,*1E
$GPGSV,3,1,10,09,29,074,13,23,10,050,33,02,37,313,00,05,38,232,00*76
$GPGSV,3,2,10,06,45,017,00,12,32,300,00,17,47,110,00,19,63,081,00*78
$GPGSV,3,3,10,25,03,322,00,28,06,164,00*70


$GPRMC,090035,V,2222.6422,N,11333.4784,E,,,180717,002.0,W*78


$GPGGA,090035,2222.6422,N,11333.4784,E,0,01,,,M,,M,,*5D
$GPGSA,A,1,,,,,,,,,,,,,,,*1E
$GPGSV,3,1,10,09,29,074,13,23,10,049,33,02,37,313,00,05,38,232,00*7E
$GPGSV,3,2,10,06,45,017,00,12,32,300,00,17,47,110,00,19,63,081,00*78
$GPGSV,3,3,10,25,03,322,00,28,06,164,00*70


$GPRMC,090036,V,2222.6422,N,11333.4784,E,,,180717,002.0,W*7B


$GPGGA,090036,2222.6422,N,11333.4784,E,0,01,,,M,,M,,*5E
$GPGSA,A,1,,,,,,,,,,,,,,,*1E
$GPGSV,3,1,10,09,29,074,14,23,10,049,33,02,37,313,00,05,38,232,00*79
$GPGSV,3,2,10,06,45,017,00,12,32,300,00,17,47,110,00,19,63,081,00*78
$GPGSV,3,3,10,25,03,322,00,28,06,164,00*70


$GPRMC,090037,V,2222.6422,N,11333.4784,E,,,180717,002.0,W*7A


$GPGGA,090037,2222.6422,N,11333.4784,E,0,01,,,M,,M,,*5F
$GPGSA,A,1,,,,,,,,,,,,,,,*1E
$GPGSV,3,1,10,09,29,074,14,23,10,049,32,02,37,313,00,05,38,232,00*78
$GPGSV,3,2,10,06,45,017,00,12,32,300,00,17,47,110,00,19,63,081,00*78
$GPGSV,3,3,10,25,03,322,00,28,06,164,00*70


$GPRMC,090038,V,2222.6422,N,11333.4784,E,,,180717,002.0,W*75
$GPGGA,090038,2222.6422,N,11333.4784,E,0,01,,,M,,M,,*50
$GPGSA,A,1,,,,,,,,,,,,,,,*1E
$GPGSV,3,1,10,09,29,074,15,23,10,049,32,02,37,313,00,05,38,232,00*79
$GPGSV,3,2,10,06,45,017,00,12,32,300,00,17,47,110,00,19,63,081,00*78
$GPGSV,3,3,10,25,03,322,00,28,06,164,00*70


$GPRMC,090132,V,2222.6422,N,11333.4784,E,,,180717,002.0,W*7E
$GPGGA,090132,2222.6422,N,11333.4784,E,0,01,,,M,,M,,*5B
$GPGSA,A,1,,,,,,,,,,,,,,,*1E
$GPGSV,3,1,11,09,29,073,19,23,10,049,33,02,37,313,00,05,39,232,00*73
$GPGSV,3,2,11,06,45,018,00,12,32,299,00,13,00,194,00,17,47,111,00*7C
$GPGSV,3,3,11,19,63,083,00,25,03,322,00,28,06,164,00*47


$GPRMC,090133,V,2222.6422,N,11333.4784,E,,,180717,002.0,W*7F


$GPGGA,090133,2222.6422,N,11333.4784,E,0,01,,,M,,M,,*5A
$GPGSA,A,1,,,,,,,,,,,,,,,*1E
$GPGSV,3,1,11,09,29,073,19,23,10,049,33,02,37,313,00,05,39,232,00*73
$GPGSV,3,2,11,06,45,018,00,12,32,299,00,13,00,194,00,17,47,111,00*7C
$GPGSV,3,3,11,19,63,083,00,25,03,322,00,28,06,164,00*47


$GPRMC,090134,V,2222.6422,N,11333.4784,E,,,180717,002.0,W*78


$GPRMC,090816,V,2222.6422,N,11333.4784,E,,,180717,002.0,W*71
$GPGGA,090816,2222.6422,N,11333.4784,E,0,01,,,M,,M,,*54
$GPGSA,A,1,,,,,,,,,,,,,,,*1E
$GPGSV,3,1,11,06,45,021,21,23,08,047,34,02,38,316,00,05,41,235,00*78
$GPGSV,3,2,11,09,28,070,00,12,33,296,00,13,01,193,00,17,45,114,00*79
$GPGSV,3,3,11,19,62,090,00,25,05,320,00,28,03,163,00*42


2017/7/18 17:08:51
$GPRMC,090816,V,2222.6422,N,11333.4784,E,,,180717,002.0,W*71
$GPGGA,090816,2222.6422,N,11333.4784,E,0,01,,,M,,M,,*54
$GPGSA,A,1,,,,,,,,,,,,,,,*1E
$GPGSV,3,1,11,06,45,021,21,23,08,047,34,02,38,316,00,05,41,235,00*78
$GPGSV,3,2,11,09,28,070,00,12,33,296,00,13,01,193,00,17,45,114,00*79
$GPGSV,3,3,11,19,62,090,00,25,05,320,00,28,03,163,00*42


$GPRMC,090817,V,2222.6422,N,11333.4784,E,,,180717,002.0,W*70


2017/7/18 17:08:52
$GPRMC,090817,V,2222.6422,N,11333.4784,E,,,180717,002.0,W*70


$GPGGA,090817,2222.6422,N,11333.4784,E,0,01,,,M,,M,,*55
$GPGSA,A,1,,,,,,,,,,,,,,,*1E
$GPGSV,3,1,11,06,45,021,21,23,08,047,34,02,38,316,00,05,41,235,00*78
$GPGSV,3,2,11,09,28,070,00,12,33,296,00,13,01,193,00,17,45,114,00*79
$GPGSV,3,3,11,19,62,090,00,25,05,320,00,28,03,163,00*42


2017/7/18 17:08:53
$GPGGA,090817,2222.6422,N,11333.4784,E,0,01,,,M,,M,,*55
$GPGSA,A,1,,,,,,,,,,,,,,,*1E
$GPGSV,3,1,11,06,45,021,21,23,08,047,34,02,38,316,00,05,41,235,00*78
$GPGSV,3,2,11,09,28,070,00,12,33,296,00,13,01,193,00,17,45,114,00*79
$GPGSV,3,3,11,19,62,090,00,25,05,320,00,28,03,163,00*42


$GPRMC,090844,V,2222.6422,N,11333.4784,E,,,180717,002.0,W*76
$GPGGA,090844,2222.6422,N,11333.4784,E,0,01,,,M,,M,,*53
$GPGSA,A,1,,,,,,,,,,,,,,,*1E
$GPGSV,3,1,11,06,44,022,22,23,08,047,34,02,38,317,00,05,41,235,00*78
$GPGSV,3,2,11,09,28,069,00,12,33,296,00,13,01,193,00,17,45,114,00*71
$GPGSV,3,3,11,19,62,090,00,25,05,320,00,28,03,163,00*42


2017/7/18 17:09:19
$GPRMC,090844,V,2222.6422,N,11333.4784,E,,,180717,002.0,W*76
$GPGGA,090844,2222.6422,N,11333.4784,E,0,01,,,M,,M,,*53
$GPGSA,A,1,,,,,,,,,,,,,,,*1E
$GPGSV,3,1,11,06,44,022,22,23,08,047,34,02,38,317,00,05,41,235,00*78
$GPGSV,3,2,11,09,28,069,00,12,33,296,00,13,01,193,00,17,45,114,00*71
$GPGSV,3,3,11,19,62,090,00,25,05,320,00,28,03,163,00*42


$GPRMC,090845,V,2222.6422,N,11333.4784,E,,,180717,002.0,W*77
$GPGGA,090845,2222.6422,N,11333.4784,E,0,01,,,M,,M,,*52
$GPGSA,A,1,,,,,,,,,,,,,,,*1E
$GPGSV,3,1,11,06,44,022,22,23,08,047,34,02,38,317,00,05,41,235,00*78
$GPGSV,3,2,11,09,28,069,00,12,33,295,00,13,01,193,00,17,45,114,00*72
$GPGSV,3,3,11,19,62,090,00,25,05,320,00,28,03,163,00*42


2017/7/18 17:09:20
$GPRMC,090845,V,2222.6422,N,11333.4784,E,,,180717,002.0,W*77
$GPGGA,090845,2222.6422,N,11333.4784,E,0,01,,,M,,M,,*52
$GPGSA,A,1,,,,,,,,,,,,,,,*1E
$GPGSV,3,1,11,06,44,022,22,23,08,047,34,02,38,317,00,05,41,235,00*78
$GPGSV,3,2,11,09,28,069,00,12,33,295,00,13,01,193,00,17,45,114,00*72
$GPGSV,3,3,11,19,62,090,00,25,05,320,00,28,03,163,00*42


$GPRMC,090846,V,2222.6422,N,11333.4784,E,,,180717,002.0,W*74


2017/7/18 17:09:21
$GPRMC,090846,V,2222.6422,N,11333.4784,E,,,180717,002.0,W*74


$GPGGA,090846,2222.6422,N,11333.4784,E,0,01,,,M,,M,,*51
$GPGSA,A,1,,,,,,,,,,,,,,,*1E
$GPGSV,3,1,11,06,44,022,22,23,08,047,34,02,38,317,00,05,41,235,00*78
$GPGSV,3,2,11,09,28,069,00,12,33,295,00,13,01,193,00,17,45,114,00*72
$GPGSV,3,3,11,19,62,090,00,25,05,320,00,28,03,163,00*42


2017/7/18 17:09:22
$GPGGA,090846,2222.6422,N,11333.4784,E,0,01,,,M,,M,,*51
$GPGSA,A,1,,,,,,,,,,,,,,,*1E
$GPGSV,3,1,11,06,44,022,22,23,08,047,34,02,38,317,00,05,41,235,00*78
$GPGSV,3,2,11,09,28,069,00,12,33,295,00,13,01,193,00,17,45,114,00*72
$GPGSV,3,3,11,19,62,090,00,25,05,320,00,28,03,163,00*42


$GPRMC,090847,V,2222.6422,N,11333.4784,E,,,180717,002.0,W*75


2017/7/18 17:09:22
$GPRMC,090847,V,2222.6422,N,11333.4784,E,,,180717,002.0,W*75


