$GPRMC,024146,V,2222.6115,N,11333.4601,E,,,250717,002.0,W*71
$GPGGA,024146,2222.6115,N,11333.4601,E,0,00,,,M,,M,,*5B
$GPGSA,A,1,,,,,,,,,,,,,,,*1E
$GPGSV,3,1,12,01,70,145,00,03,09,160,00,07,74,271,00,08,34,032,00*7D
$GPGSV,3,2,12,09,15,214,00,11,80,030,00,16,07,100,00,17,16,255,00*78
$GPGSV,3,3,12,22,17,135,00,23,06,186,00,28,21,316,00,30,42,314,00*7D
$GPRMC,024147,V,2222.6115,N,11333.4601,E,,,250717,002.0,W*70
$GPRMC,024349,V,2222.6115,N,11333.4601,E,,,250717,002.0,W*7C
$GPGGA,024349,2222.6115,N,11333.4601,E,0,00,,,M,,M,,*56
$GPGSA,A,1,,,,,,,,,,,,,,,*1E
$GPGSV,3,1,12,01,71,143,00,03,10,159,00,07,74,267,00,08,33,033,00*79
$GPGSV,3,2,12,09,14,214,00,11,79,029,00,16,07,100,00,17,17,255,00*76
$GPGSV,3,3,12,22,17,134,00,23,06,185,00,28,21,316,00,30,42,313,00*78
$GPRMC,024350,V,2222.6115,N,11333.4601,E,,,250717,002.0,W*74
$GPRMC,024410,V,2222.6115,N,11333.4601,E,,,250717,002.0,W*77
$GPGGA,024410,2222.6115,N,11333.4601,E,0,00,,,M,,M,,*5D
$GPGSA,A,1,,,,,,,,,,,,,,,*1E
$GPGSV,3,1,12,01,71,143,00,03,10,159,00,07,74,266,00,08,33,033,00*78
$GPGSV,3,2,12,09,14,214,00,11,79,029,00,16,07,100,00,17,17,255,00*76
$GPGSV,3,3,12,22,17,134,00,23,06,185,00,28,21,316,00,30,42,313,00*78
$GPRMC,024523,V,2222.6115,N,11333.4601,E,,,250717,002.0,W*76
$GPGGA,024523,2222.6115,N,11333.4601,E,0,00,,,M,,M,,*5C
$GPGSA,A,1,,,,,,,,,,,,,,,*1E
$GPGSV,3,1,12,01,71,142,00,03,10,158,00,07,74,264,00,08,33,033,00*7A
$GPRMC,024556,V,2222.6115,N,11333.4601,E,,,250717,002.0,W*74
$GPGGA,024556,2222.6115,N,11333.4601,E,0,00,,,M,,M,,*5E
$GPGSA,A,1,,,,,,,,,,,,,,,*1E
$GPGSV,3,1,12,01,72,141,00,03,10,158,00,07,74,263,00,08,32,033,00*7C
$GPGSV,3,2,12,09,14,213,00,11,78,028,00,16,06,101,00,17,17,256,00*72
$GPGSV,3,3,12,22,18,134,00,23,05,184,00,28,22,317,00,30,43,313,00*76
$GPRMC,024655,V,2222.6115,N,11333.4601,E,,,250717,002.0,W*74
$GPGGA,024655,2222.6115,N,11333.4601,E,0,00,,,M,,M,,*5E
$GPGSA,A,1,,,,,,,,,,,,,,,*1E
$GPGSV,3,1,12,01,72,140,00,03,10,158,00,07,74,261,00,08,32,034,00*78
$GPGSV,3,2,12,09,13,213,00,11,78,028,00,16,06,102,00,17,17,257,00*77
$GPGSV,3,3,12,22,18,133,00,23,05,184,00,28,22,317,00,30,44,312,00*77
$GPRMC,024656,V,2222.6115,N,11333.4601,E,,,250717,002.0,W*77
$GPRMC,024835,V,2222.6115,N,11333.4601,E,,,250717,002.0,W*7C
$GPGGA,024835,2222.6115,N,11333.4601,E,0,00,,,M,,M,,*56
$GPGSA,A,1,,,,,,,,,,,,,,,*1E
$GPGSV,3,1,12,01,73,138,00,03,11,157,00,07,74,258,00,08,32,034,00*72
$GPGSV,3,2,12,09,13,212,00,11,77,027,00,16,06,102,00,17,18,257,00*79
$GPGSV,3,3,12,22,18,132,00,23,05,184,00,28,22,318,00,30,44,312,00*79
$GPRMC,025053,V,2222.6115,N,11333.4601,E,,,250717,002.0,W*75
$GPGGA,025053,2222.6115,N,11333.4601,E,0,00,,,M,,M,,*5F
$GPGSA,A,1,,,,,,,,,,,,,,,*1E
$GPGSV,3,1,12,01,74,135,00,03,11,157,00,07,74,253,00,08,31,035,00*71
$GPGSV,3,2,12,09,13,211,00,11,76,027,00,16,05,103,00,17,18,258,00*76
$GPGSV,3,3,12,22,19,132,00,23,04,183,00,28,23,319,00,30,45,311,00*7C
$GPRMC,025054,V,2222.6115,N,11333.4601,E,,,250717,002.0,W*72
$GPRMC,025424,V,2222.6115,N,11333.4601,E,,,250717,002.0,W*71
$GPGGA,025424,2222.6115,N,11333.4601,E,0,00,,,M,,M,,*5B
$GPGSA,A,1,,,,,,,,,,,,,,,*1E
$GPGSV,3,1,12,01,75,129,00,03,12,155,00,07,73,247,00,08,30,036,00*7C
$GPGSV,3,2,12,09,12,210,00,11,74,026,00,16,05,105,00,17,19,260,00*79
$GPGSV,3,3,12,22,20,130,00,23,04,182,00,28,24,320,00,30,46,309,00*72
$GPRMC,025452,V,2222.6115,N,11333.4601,E,,,250717,002.0,W*70
$GPGGA,025452,2222.6115,N,11333.4601,E,0,00,,,M,,M,,*5A
$GPGSA,A,1,,,,,,,,,,,,,,,*1E
$GPGSV,3,1,12,01,75,128,00,03,12,155,00,07,73,246,00,08,30,036,00*7C
$GPGSV,3,2,12,09,12,210,00,11,74,026,00,16,05,105,00,17,19,260,00*79
$GPGSV,3,3,12,22,20,130,00,23,04,182,00,28,24,320,00,30,47,309,00*73
$GPRMC,025726,V,2222.6115,N,11333.4601,E,,,250717,002.0,W*70
$GPGGA,025726,2222.6115,N,11333.4601,E,0,00,,,M,,M,,*5A
$GPGSA,A,1,,,,,,,,,,,,,,,*1E
$GPGSV,3,1,12,01,76,124,00,03,13,154,00,07,73,242,00,08,29,037,00*7E
$GPGSV,3,2,12,09,11,209,00,11,73,026,00,16,04,106,00,17,20,261,00*7C
$GPGSV,3,3,12,22,20,129,00,23,03,181,00,28,25,321,00,30,47,308,00*7E
$GPRMC,025727,V,2222.6115,N,11333.4601,E,,,250717,002.0,W*71
$GPRMC,025821,V,2222.6115,N,11333.4601,E,,,250717,002.0,W*78
$GPGGA,025821,2222.6115,N,11333.4601,E,0,00,,,M,,M,,*52
$GPGSA,A,1,,,,,,,,,,,,,,,*1E
$GPGSV,3,1,12,01,76,122,00,03,13,154,00,07,72,240,00,08,29,038,00*74
$GPGSV,3,2,12,09,11,209,00,11,72,026,00,16,04,106,00,17,20,262,00*7E
$GPGSV,3,3,12,22,21,129,00,23,03,179,00,28,25,321,00,30,48,308,00*77
$GPRMC,025822,V,2222.6115,N,11333.4601,E,,,250717,002.0,W*7B
$GPGGA,025822,2222.6115,N,11333.4601,E,0,00,,,M,,M,,*51
$GPGSA,A,1,,,,,,,,,,,,,,,*1E
$GPRMC,025842,V,2222.6115,N,11333.4601,E,,,250717,002.0,W*7D
$GPGGA,025842,2222.6115,N,11333.4601,E,0,00,,,M,,M,,*57
$GPGSA,A,1,,,,,,,,,,,,,,,*1E
