$GPRMC,085643,V,2222.6195,N,11333.4454,E,,,250717,002.0,W*72
$GPGGA,085643,2222.6195,N,11333.4454,E,0,00,,,M,,M,,*58
$GPGSA,A,1,,,,,,,,,,,,,,,*1E
$GPGSV,3,1,11,17,39,123,21,06,43,032,14,02,41,326,21,12,35,287,23*7B
$GPGSV,3,2,11,09,26,061,23,05,47,244,00,13,06,189,00,19,59,106,00*70
$GPGSV,3,3,11,20,04,234,00,23,05,042,00,25,10,314,00*48
$GPRMC,085644,V,2222.6195,N,11333.4454,E,,,250717,002.0,W*75
$GPGGA,085644,2222.6195,N,11333.4454,E,0,00,,,M,,M,,*5F
$GPGSA,A,1,,,,,,,,,,,,,,,*1E
$GPGSV,3,1,11,17,39,123,21,06,43,032,14,02,41,326,20,12,35,287,22*7B
$GPGSV,3,2,11,09,26,061,23,05,47,244,00,13,06,189,00,19,59,106,00*70
