$GPRMC,030103,V,2222.6115,N,11333.4601,E,,,250717,002.0,W*75
$GPGGA,030103,2222.6115,N,11333.4601,E,0,00,,,M,,M,,*5F
$GPGSA,A,1,,,,,,,,,,,,,,,*1E
$GPGSV,3,1,12,01,76,117,00,03,14,153,00,07,72,236,00,08,28,039,00*73
$GPGSV,3,2,12,09,10,208,00,11,71,026,00,16,03,107,00,17,20,262,00*7B
$GPRMC,031448,V,2222.6115,N,11333.4601,E,,,250717,002.0,W*7E
$GPGGA,031448,2222.6115,N,11333.4601,E,0,00,,,M,,M,,*54
$GPGSA,A,1,,,,,,,,,,,,,,,*1E
$GPGSV,3,1,12,01,77,084,00,03,18,148,00,07,67,220,00,08,24,043,00*7D
$GPGSV,3,2,12,09,07,203,00,11,64,026,00,17,23,269,00,19,04,253,00*70
$GPGSV,3,3,12,22,24,122,00,23,00,174,00,28,30,326,00,30,53,298,00*76
$GPRMC,031449,V,2222.6115,N,11333.4601,E,,,250717,002.0,W*7F
$GPRMC,031613,V,2222.6115,N,11333.4601,E,,,250717,002.0,W*72
$GPGGA,031613,2222.6115,N,11333.4601,E,0,00,,,M,,M,,*58
$GPGSA,A,1,,,,,,,,,,,,,,,*1E
$GPGSV,3,1,12,01,77,082,00,03,18,148,00,07,67,219,00,08,24,044,00*76
$GPGSV,3,2,12,09,07,202,00,11,64,026,00,17,23,270,00,19,04,254,00*7E
$GPRMC,032436,V,2222.6115,N,11333.4601,E,,,250717,002.0,W*74
$GPGGA,032436,2222.6115,N,11333.4601,E,0,00,,,M,,M,,*5E
$GPGSA,A,1,,,,,,,,,,,,,,,*1E
$GPGSV,3,1,11,01,75,065,00,03,20,145,00,07,63,212,00,08,22,047,00*72
$GPGSV,3,2,11,09,06,200,00,11,60,027,00,17,25,273,00,19,06,257,00*7F
$GPRMC,032531,V,2222.6115,N,11333.4601,E,,,250717,002.0,W*72
$GPGGA,032531,2222.6115,N,11333.4601,E,0,00,,,M,,M,,*58
$GPGSA,A,1,,,,,,,,,,,,,,,*1E
$GPGSV,3,1,11,01,75,063,00,03,21,145,00,07,62,211,00,08,22,047,00*77
$GPGSV,3,2,11,09,05,199,00,11,59,027,00,17,25,274,00,19,06,257,00*72
$GPRMC,032609,V,2222.6115,N,11333.4601,E,,,250717,002.0,W*7A
$GPGGA,032609,2222.6115,N,11333.4601,E,0,00,,,M,,M,,*50
$GPGSA,A,1,,,,,,,,,,,,,,,*1E
$GPGSV,3,1,11,01,74,062,00,03,21,144,00,07,62,211,00,08,21,047,00*75
$GPGSV,3,2,11,09,05,199,00,11,59,027,00,17,25,274,00,19,06,258,00*7D
$GPGSV,3,3,11,22,27,116,00,28,33,330,00,30,55,290,00*48
$GPRMC,032610,V,2222.6115,N,11333.4601,E,,,250717,002.0,W*72
