$GPRMC,065718,V,2222.6115,N,11333.4601,E,,,250717,002.0,W*79
$GPGGA,065718,2222.6115,N,11333.4601,E,0,00,,,M,,M,,*53
$GPGSA,A,1,,,,,,,,,,,,,,,*1E
$GPGSV,3,1,12,02,22,269,00,03,21,040,00,05,01,212,00,06,52,312,00*77
$GPGSV,3,2,12,09,18,120,00,12,02,326,00,17,55,032,00,19,49,356,00*7C
$GPGSV,3,3,12,23,14,089,00,24,00,293,00,28,50,164,00,30,04,181,00*72
$GPRMC,065745,V,2222.6115,N,11333.4601,E,,,250717,002.0,W*71
$GPGGA,065745,2222.6115,N,11333.4601,E,0,00,,,M,,M,,*5B
$GPGSA,A,1,,,,,,,,,,,,,,,*1E
$GPRMC,065805,V,2222.6115,N,11333.4601,E,,,250717,002.0,W*7A
$GPGGA,065805,2222.6115,N,11333.4601,E,0,00,,,M,,M,,*50
$GPGSA,A,1,,,,,,,,,,,,,,,*1E
$GPGSV,3,1,12,02,22,269,00,03,21,040,00,05,02,212,00,06,52,313,00*75
$GPGSV,3,2,12,09,18,119,00,12,03,325,00,17,55,033,00,19,49,357,00*74
$GPGSV,3,3,12,23,14,088,00,24,00,292,00,28,49,165,00,30,04,179,00*7C
$GPRMC,065806,V,2222.6115,N,11333.4601,E,,,250717,002.0,W*79
