$GPRMC,070605,V,2222.6115,N,11333.4601,E,,,250717,002.0,W*70
$GPGGA,070605,2222.6115,N,11333.4601,E,0,00,,,M,,M,,*5A
$GPGSA,A,1,,,,,,,,,,,,,,,*1E
$GPGSV,3,1,12,02,23,272,00,03,18,039,00,05,05,213,00,06,52,319,00*76
$GPGSV,3,2,12,09,20,116,00,12,06,325,00,17,56,040,00,19,51,000,00*7A
$GPGSV,3,3,12,23,14,085,00,24,00,289,00,28,46,165,00,30,02,177,00*7C
$GPRMC,070606,V,2222.6115,N,11333.4601,E,,,250717,002.0,W*73
$GPGGA,070606,2222.6115,N,11333.4601,E,0,00,,,M,,M,,*59
$GPGSA,A,1,,,,,,,,,,,,,,,*1E
$GPGSV,3,1,12,02,23,272,00,03,18,039,00,05,05,213,00,06,52,319,00*76
$GPGSV,3,2,12,09,20,116,00,12,06,325,00,17,56,040,00,19,51,000,00*7A
$GPGSV,3,3,12,23,14,085,00,24,00,289,00,28,46,165,00,30,02,177,00*7C
$GPRMC,070607,V,2222.6115,N,11333.4601,E,,,250717,002.0,W*72
$GPGGA,070607,2222.6115,N,11333.4601,E,0,00,,,M,,M,,*58
$GPGSA,A,1,,,,,,,,,,,,,,,*1E
$GPGSV,3,1,12,02,23,272,00,03,18,039,00,05,05,213,00,06,52,319,00*76
$GPGSV,3,2,12,09,20,116,00,12,06,325,00,17,56,040,00,19,51,000,00*7A
$GPGSV,3,3,12,23,14,085,00,24,00,289,00,28,46,165,00,30,02,177,00*7C
$GPRMC,070608,V,2222.6115,N,11333.4601,E,,,250717,002.0,W*7D
$GPGGA,070608,2222.6115,N,11333.4601,E,0,00,,,M,,M,,*57
$GPGSA,A,1,,,,,,,,,,,,,,,*1E
$GPGSV,3,1,12,02,23,272,00,03,18,039,00,05,05,213,00,06,52,319,00*76
$GPGSV,3,2,12,09,20,116,00,12,06,325,00,17,56,040,00,19,51,001,00*7B
$GPGSV,3,3,12,23,14,085,00,24,00,289,00,28,46,165,00,30,02,177,00*7C
$GPRMC,070609,V,2222.6115,N,11333.4601,E,,,250717,002.0,W*7C
$GPGGA,070609,2222.6115,N,11333.4601,E,0,00,,,M,,M,,*56
$GPGSA,A,1,,,,,,,,,,,,,,,*1E
$GPGSV,3,1,12,02,23,272,00,03,18,039,00,05,05,213,00,06,52,319,00*76
$GPGSV,3,2,12,09,20,116,00,12,06,325,00,17,56,040,00,19,51,001,00*7B
$GPGSV,3,3,12,23,14,085,00,24,00,289,00,28,46,165,00,30,02,177,00*7C
$GPRMC,070610,V,2222.6115,N,11333.4601,E,,,250717,002.0,W*74
$GPGGA,070610,2222.6115,N,11333.4601,E,0,00,,,M,,M,,*5E
$GPGSA,A,1,,,,,,,,,,,,,,,*1E
$GPGSV,3,1,12,02,23,272,00,03,18,039,00,05,05,213,00,06,52,319,00*76
$GPGSV,3,2,12,09,20,116,00,12,06,325,00,17,56,040,00,19,51,001,00*7B
$GPGSV,3,3,12,23,14,085,00,24,00,289,00,28,46,165,00,30,02,177,00*7C
$GPRMC,070611,V,2222.6115,N,11333.4601,E,,,250717,002.0,W*75
$GPGGA,070611,2222.6115,N,11333.4601,E,0,00,,,M,,M,,*5F
$GPGSA,A,1,,,,,,,,,,,,,,,*1E
$GPGSV,3,1,12,02,23,272,00,03,18,039,00,05,05,213,00,06,52,319,00*76
$GPGSV,3,2,12,09,20,116,00,12,06,325,00,17,56,040,00,19,51,001,00*7B
$GPGSV,3,3,12,23,14,085,00,24,00,289,00,28,46,165,00,30,02,177,00*7C
$GPRMC,070612,V,2222.6115,N,11333.4601,E,,,250717,002.0,W*76
$GPGGA,070612,2222.6115,N,11333.4601,E,0,00,,,M,,M,,*5C
$GPGSA,A,1,,,,,,,,,,,,,,,*1E
$GPGSV,3,1,12,02,23,272,00,03,18,039,00,05,05,213,00,06,52,319,00*76
$GPGSV,3,2,12,09,20,116,00,12,06,325,00,17,56,040,00,19,51,001,00*7B
$GPGSV,3,3,12,23,14,085,00,24,00,289,00,28,46,165,00,30,02,177,00*7C
$GPRMC,070613,V,2222.6115,N,11333.4601,E,,,250717,002.0,W*77
$GPGGA,070613,2222.6115,N,11333.4601,E,0,00,,,M,,M,,*5D
$GPGSA,A,1,,,,,,,,,,,,,,,*1E
$GPGSV,3,1,12,02,23,272,00,03,18,039,00,05,05,213,00,06,52,319,00*76
$GPGSV,3,2,12,09,20,116,00,12,06,325,00,17,56,040,00,19,51,001,00*7B
$GPGSV,3,3,12,23,14,085,00,24,00,289,00,28,46,165,00,30,02,177,00*7C
$GPRMC,070614,V,2222.6115,N,11333.4601,E,,,250717,002.0,W*70
$GPGGA,070614,2222.6115,N,11333.4601,E,0,00,,,M,,M,,*5A
$GPGSA,A,1,,,,,,,,,,,,,,,*1E
$GPGSV,3,1,12,02,23,272,00,03,18,039,00,05,05,213,00,06,52,319,00*76
$GPGSV,3,2,12,09,20,116,00,12,06,325,00,17,56,040,00,19,51,001,00*7B
$GPGSV,3,3,12,23,14,085,00,24,00,289,00,28,46,165,00,30,02,177,00*7C
$GPRMC,070615,V,2222.6115,N,11333.4601,E,,,250717,002.0,W*71
$GPGGA,070615,2222.6115,N,11333.4601,E,0,00,,,M,,M,,*5B
$GPGSA,A,1,,,,,,,,,,,,,,,*1E
$GPGSV,3,1,12,02,23,272,00,03,18,039,00,05,05,213,00,06,52,319,00*76
$GPGSV,3,2,12,09,20,116,00,12,06,325,00,17,56,040,00,19,51,001,00*7B
$GPGSV,3,3,12,23,14,085,00,24,00,289,00,28,46,165,00,30,02,177,00*7C
$GPRMC,070616,V,2222.6115,N,11333.4601,E,,,250717,002.0,W*72
$GPGGA,070616,2222.6115,N,11333.4601,E,0,00,,,M,,M,,*58
$GPGSA,A,1,,,,,,,,,,,,,,,*1E
$GPGSV,3,1,12,02,23,272,00,03,18,039,00,05,05,213,00,06,52,319,00*76
$GPGSV,3,2,12,09,20,116,00,12,06,325,00,17,56,040,00,19,51,001,00*7B
$GPGSV,3,3,12,23,14,085,00,24,00,289,00,28,46,165,00,30,02,177,00*7C
$GPRMC,070617,V,2222.6115,N,11333.4601,E,,,250717,002.0,W*73
$GPGGA,070617,2222.6115,N,11333.4601,E,0,00,,,M,,M,,*59
$GPGSA,A,1,,,,,,,,,,,,,,,*1E
$GPGSV,3,1,12,02,23,272,00,03,18,039,00,05,05,213,00,06,52,319,00*76
$GPGSV,3,2,12,09,20,116,00,12,06,325,00,17,56,040,00,19,51,001,00*7B
$GPGSV,3,3,12,23,14,085,00,24,00,289,00,28,46,165,00,30,02,177,00*7C
$GPRMC,070618,V,2222.6115,N,11333.4601,E,,,250717,002.0,W*7C
$GPGGA,070618,2222.6115,N,11333.4601,E,0,00,,,M,,M,,*56
$GPGSA,A,1,,,,,,,,,,,,,,,*1E
$GPGSV,3,1,12,02,23,272,00,03,18,039,00,05,05,213,00,06,52,319,00*76
$GPGSV,3,2,12,09,20,116,00,12,06,325,00,17,56,040,00,19,51,001,00*7B
$GPGSV,3,3,12,23,14,085,00,24,00,289,00,28,46,165,00,30,02,177,00*7C
$GPRMC,070619,V,2222.6115,N,11333.4601,E,,,250717,002.0,W*7D
$GPGGA,070619,2222.6115,N,11333.4601,E,0,00,,,M,,M,,*57
$GPGSA,A,1,,,,,,,,,,,,,,,*1E
$GPGSV,3,1,12,02,23,272,00,03,18,039,00,05,05,213,00,06,52,319,00*76
$GPGSV,3,2,12,09,20,116,00,12,06,325,00,17,56,040,00,19,51,001,00*7B
$GPGSV,3,3,12,23,14,085,00,24,00,289,00,28,46,165,00,30,02,177,00*7C
$GPRMC,070620,V,2222.6115,N,11333.4601,E,,,250717,002.0,W*77
$GPGGA,070620,2222.6115,N,11333.4601,E,0,00,,,M,,M,,*5D
$GPGSA,A,1,,,,,,,,,,,,,,,*1E
$GPGSV,3,1,12,02,23,272,00,03,18,039,00,05,05,213,00,06,52,319,00*76
$GPGSV,3,2,12,09,20,116,00,12,06,325,00,17,56,040,00,19,51,001,00*7B
$GPGSV,3,3,12,23,14,085,00,24,00,289,00,28,46,165,00,30,02,177,00*7C
$GPRMC,070621,V,2222.6115,N,11333.4601,E,,,250717,002.0,W*76
$GPGGA,070621,2222.6115,N,11333.4601,E,0,00,,,M,,M,,*5C
$GPGSA,A,1,,,,,,,,,,,,,,,*1E
$GPGSV,3,1,12,02,23,272,00,03,18,039,00,05,05,213,00,06,52,319,00*76
$GPGSV,3,2,12,09,20,116,00,12,06,325,00,17,56,040,00,19,51,001,00*7B
$GPGSV,3,3,12,23,14,085,00,24,00,289,00,28,46,165,00,30,02,177,00*7C
$GPRMC,070622,V,2222.6115,N,11333.4601,E,,,250717,002.0,W*75
$GPGGA,070622,2222.6115,N,11333.4601,E,0,00,,,M,,M,,*5F
$GPGSA,A,1,,,,,,,,,,,,,,,*1E
$GPGSV,3,1,12,02,23,272,00,03,18,039,00,05,05,213,00,06,52,319,00*76
$GPGSV,3,2,12,09,20,116,00,12,06,325,00,17,56,040,00,19,51,001,00*7B
$GPGSV,3,3,12,23,14,085,00,24,00,289,00,28,46,165,00,30,02,177,00*7C
$GPRMC,070623,V,2222.6115,N,11333.4601,E,,,250717,002.0,W*74
$GPGGA,070623,2222.6115,N,11333.4601,E,0,00,,,M,,M,,*5E
$GPGSA,A,1,,,,,,,,,,,,,,,*1E
$GPGSV,3,1,12,02,23,272,00,03,18,039,00,05,05,213,00,06,52,319,00*76
$GPGSV,3,2,12,09,20,116,00,12,06,325,00,17,56,040,00,19,51,001,00*7B
$GPGSV,3,3,12,23,14,085,00,24,00,289,00,28,46,165,00,30,02,177,00*7C
$GPRMC,070624,V,2222.6115,N,11333.4601,E,,,250717,002.0,W*73
$GPGGA,070624,2222.6115,N,11333.4601,E,0,00,,,M,,M,,*59
$GPGSA,A,1,,,,,,,,,,,,,,,*1E
$GPGSV,3,1,12,02,23,272,00,03,18,039,00,05,05,213,00,06,52,319,00*76
$GPGSV,3,2,12,09,20,116,00,12,06,325,00,17,56,040,00,19,51,001,00*7B
$GPGSV,3,3,12,23,14,085,00,24,00,289,00,28,46,165,00,30,02,177,00*7C
$GPRMC,070625,V,2222.6115,N,11333.4601,E,,,250717,002.0,W*72
$GPGGA,070625,2222.6115,N,11333.4601,E,0,00,,,M,,M,,*58
$GPGSA,A,1,,,,,,,,,,,,,,,*1E
$GPGSV,3,1,12,02,23,272,00,03,18,039,00,05,05,213,00,06,52,319,00*76
$GPGSV,3,2,12,09,20,116,00,12,06,325,00,17,56,040,00,19,51,001,00*7B
$GPGSV,3,3,12,23,14,085,00,24,00,289,00,28,46,165,00,30,02,177,00*7C
$GPRMC,070626,V,2222.6115,N,11333.4601,E,,,250717,002.0,W*71
$GPGGA,070626,2222.6115,N,11333.4601,E,0,00,,,M,,M,,*5B
$GPGSA,A,1,,,,,,,,,,,,,,,*1E
$GPGSV,3,1,12,02,23,272,00,03,18,039,00,05,05,213,00,06,52,319,00*76
$GPGSV,3,2,12,09,20,116,00,12,06,325,00,17,56,040,00,19,51,001,00*7B
$GPGSV,3,3,12,23,14,085,00,24,00,289,00,28,45,165,00,30,02,177,00*7F
$GPRMC,070627,V,2222.6115,N,11333.4601,E,,,250717,002.0,W*70
$GPGGA,070627,2222.6115,N,11333.4601,E,0,00,,,M,,M,,*5A
$GPGSA,A,1,,,,,,,,,,,,,,,*1E
$GPGSV,3,1,12,02,23,272,00,03,18,039,00,05,05,213,00,06,52,319,00*76
$GPGSV,3,2,12,09,20,116,00,12,06,325,00,17,56,040,00,19,51,001,00*7B
$GPGSV,3,3,12,23,14,085,00,24,00,289,00,28,45,165,00,30,02,177,00*7F
$GPRMC,070628,V,2222.6115,N,11333.4601,E,,,250717,002.0,W*7F
$GPGGA,070628,2222.6115,N,11333.4601,E,0,00,,,M,,M,,*55
$GPGSA,A,1,,,,,,,,,,,,,,,*1E
$GPGSV,3,1,12,02,23,272,00,03,18,039,00,05,05,213,00,06,52,319,00*76
$GPGSV,3,2,12,09,20,116,00,12,06,325,00,17,56,040,00,19,51,001,00*7B
$GPGSV,3,3,12,23,14,085,00,24,00,289,00,28,45,165,00,30,02,177,00*7F
$GPRMC,070629,V,2222.6115,N,11333.4601,E,,,250717,002.0,W*7E
$GPGGA,070629,2222.6115,N,11333.4601,E,0,00,,,M,,M,,*54
$GPGSA,A,1,,,,,,,,,,,,,,,*1E
$GPGSV,3,1,12,02,23,272,00,03,18,039,00,05,05,213,00,06,52,319,00*76
$GPGSV,3,2,12,09,20,116,00,12,06,325,00,17,56,040,00,19,51,001,00*7B
$GPGSV,3,3,12,23,14,085,00,24,00,289,00,28,45,165,00,30,02,177,00*7F
$GPRMC,070630,V,2222.6115,N,11333.4601,E,,,250717,002.0,W*76
$GPGGA,070630,2222.6115,N,11333.4601,E,0,00,,,M,,M,,*5C
$GPGSA,A,1,,,,,,,,,,,,,,,*1E
$GPGSV,3,1,12,02,23,272,00,03,18,039,00,05,05,213,00,06,52,319,00*76
$GPGSV,3,2,12,09,20,116,00,12,06,325,00,17,56,040,00,19,51,001,00*7B
$GPGSV,3,3,12,23,14,085,00,24,00,289,00,28,45,165,00,30,02,177,00*7F
$GPRMC,070631,V,2222.6115,N,11333.4601,E,,,250717,002.0,W*77
$GPGGA,070631,2222.6115,N,11333.4601,E,0,00,,,M,,M,,*5D
$GPGSA,A,1,,,,,,,,,,,,,,,*1E
$GPGSV,3,1,12,02,23,272,00,03,18,039,00,05,05,213,00,06,52,319,00*76
$GPGSV,3,2,12,09,20,116,00,12,06,325,00,17,56,040,00,19,51,001,00*7B
$GPGSV,3,3,12,23,14,085,00,24,00,289,00,28,45,165,00,30,02,177,00*7F
$GPRMC,070632,V,2222.6115,N,11333.4601,E,,,250717,002.0,W*74
$GPGGA,070632,2222.6115,N,11333.4601,E,0,00,,,M,,M,,*5E
$GPGSA,A,1,,,,,,,,,,,,,,,*1E
$GPGSV,3,1,12,02,23,272,00,03,18,039,00,05,05,213,00,06,52,319,00*76
$GPGSV,3,2,12,09,20,116,00,12,06,325,00,17,56,040,00,19,51,001,00*7B
$GPGSV,3,3,12,23,14,085,00,24,00,289,00,28,45,165,00,30,02,177,00*7F
$GPRMC,070633,V,2222.6115,N,11333.4601,E,,,250717,002.0,W*75
$GPGGA,070633,2222.6115,N,11333.4601,E,0,00,,,M,,M,,*5F
$GPGSA,A,1,,,,,,,,,,,,,,,*1E
$GPGSV,3,1,12,02,23,272,00,03,18,039,00,05,05,213,00,06,52,319,00*76
$GPGSV,3,2,12,09,20,116,00,12,06,325,00,17,56,040,00,19,51,001,00*7B
$GPGSV,3,3,12,23,14,085,00,24,00,289,00,28,45,165,00,30,02,177,00*7F
$GPRMC,070634,V,2222.6115,N,11333.4601,E,,,250717,002.0,W*72
$GPGGA,070634,2222.6115,N,11333.4601,E,0,00,,,M,,M,,*58
$GPGSA,A,1,,,,,,,,,,,,,,,*1E
$GPGSV,3,1,12,02,23,272,00,03,18,039,00,05,05,213,00,06,52,319,00*76
$GPGSV,3,2,12,09,20,116,00,12,06,325,00,17,56,040,00,19,51,001,00*7B
$GPGSV,3,3,12,23,14,085,00,24,00,289,00,28,45,165,00,30,02,177,00*7F
$GPRMC,070635,V,2222.6115,N,11333.4601,E,,,250717,002.0,W*73
$GPGGA,070635,2222.6115,N,11333.4601,E,0,00,,,M,,M,,*59
$GPGSA,A,1,,,,,,,,,,,,,,,*1E
$GPGSV,3,1,12,02,23,272,00,03,18,039,00,05,05,213,00,06,52,319,00*76
$GPGSV,3,2,12,09,20,116,00,12,06,325,00,17,56,040,00,19,51,001,00*7B
$GPGSV,3,3,12,23,14,085,00,24,00,289,00,28,45,165,00,30,02,177,00*7F
$GPRMC,070636,V,2222.6115,N,11333.4601,E,,,250717,002.0,W*70
$GPGGA,070636,2222.6115,N,11333.4601,E,0,00,,,M,,M,,*5A
$GPGSA,A,1,,,,,,,,,,,,,,,*1E
$GPGSV,3,1,12,02,23,272,00,03,18,039,00,05,05,213,00,06,52,319,00*76
$GPGSV,3,2,12,09,20,116,00,12,06,325,00,17,56,040,00,19,51,001,00*7B
$GPGSV,3,3,12,23,14,085,00,24,00,289,00,28,45,165,00,30,02,177,00*7F
$GPRMC,070637,V,2222.6115,N,11333.4601,E,,,250717,002.0,W*71
$GPGGA,070637,2222.6115,N,11333.4601,E,0,00,,,M,,M,,*5B
$GPGSA,A,1,,,,,,,,,,,,,,,*1E
$GPGSV,3,1,12,02,23,272,00,03,18,039,00,05,05,213,00,06,52,319,00*76
$GPGSV,3,2,12,09,20,116,00,12,06,325,00,17,56,040,00,19,51,001,00*7B
$GPGSV,3,3,12,23,14,085,00,24,00,289,00,28,45,165,00,30,02,177,00*7F
$GPRMC,070638,V,2222.6115,N,11333.4601,E,,,250717,002.0,W*7E
$GPGGA,070638,2222.6115,N,11333.4601,E,0,00,,,M,,M,,*54
$GPGSA,A,1,,,,,,,,,,,,,,,*1E
$GPGSV,3,1,12,02,24,273,00,03,18,039,00,05,05,213,00,06,52,319,00*70
$GPGSV,3,2,12,09,20,116,00,12,06,325,00,17,56,040,00,19,51,001,00*7B
$GPGSV,3,3,12,23,14,085,00,24,00,289,00,28,45,165,00,30,02,177,00*7F
$GPRMC,070639,V,2222.6115,N,11333.4601,E,,,250717,002.0,W*7F
$GPGGA,070639,2222.6115,N,11333.4601,E,0,00,,,M,,M,,*55
$GPGSA,A,1,,,,,,,,,,,,,,,*1E
$GPGSV,3,1,12,02,24,273,00,03,18,039,00,05,05,213,00,06,52,319,00*70
$GPGSV,3,2,12,09,20,116,00,12,06,325,00,17,56,040,00,19,51,001,00*7B
$GPGSV,3,3,12,23,14,085,00,24,00,289,00,28,45,165,00,30,02,177,00*7F
$GPRMC,070640,V,2222.6115,N,11333.4601,E,,,250717,002.0,W*71
$GPGGA,070640,2222.6115,N,11333.4601,E,0,00,,,M,,M,,*5B
$GPGSA,A,1,,,,,,,,,,,,,,,*1E
$GPGSV,3,1,12,02,24,273,00,03,17,039,00,05,05,213,00,06,52,319,00*7F
$GPGSV,3,2,12,09,20,116,00,12,06,325,00,17,56,040,00,19,51,001,00*7B
$GPGSV,3,3,12,23,14,085,00,24,00,289,00,28,45,165,00,30,02,177,00*7F
$GPRMC,070641,V,2222.6115,N,11333.4601,E,,,250717,002.0,W*70
$GPGGA,070641,2222.6115,N,11333.4601,E,0,00,,,M,,M,,*5A
$GPGSA,A,1,,,,,,,,,,,,,,,*1E
$GPGSV,3,1,12,02,24,273,00,03,17,039,00,05,05,213,00,06,52,319,00*7F
$GPGSV,3,2,12,09,20,116,00,12,06,325,00,17,56,040,00,19,51,001,00*7B
$GPGSV,3,3,12,23,14,085,00,24,00,289,00,28,45,165,00,30,02,177,00*7F
$GPRMC,070642,V,2222.6115,N,11333.4601,E,,,250717,002.0,W*73
$GPGGA,070642,2222.6115,N,11333.4601,E,0,00,,,M,,M,,*59
$GPGSA,A,1,,,,,,,,,,,,,,,*1E
$GPGSV,3,1,12,02,24,273,00,03,17,039,00,05,05,213,00,06,52,319,00*7F
$GPGSV,3,2,12,09,20,116,00,12,06,325,00,17,56,040,00,19,51,001,00*7B
$GPGSV,3,3,12,23,14,085,00,24,00,289,00,28,45,165,00,30,02,177,00*7F
$PGRMT,GPS 18x USB Software Version 2.60,,,,,,,,*4E
$GPRMC,070643,V,2222.6115,N,11333.4601,E,,,250717,002.0,W*72
$GPGGA,070643,2222.6115,N,11333.4601,E,0,00,,,M,,M,,*58
$GPGSA,A,1,,,,,,,,,,,,,,,*1E
$GPGSV,3,1,12,02,24,273,00,03,17,039,00,05,05,213,00,06,52,319,00*7F
$GPGSV,3,2,12,09,20,116,00,12,06,325,00,17,56,040,00,19,51,001,00*7B
$GPGSV,3,3,12,23,14,085,00,24,00,289,00,28,45,165,00,30,02,177,00*7F
$GPRMC,070644,V,2222.6115,N,11333.4601,E,,,250717,002.0,W*75
$GPGGA,070644,2222.6115,N,11333.4601,E,0,00,,,M,,M,,*5F
$GPGSA,A,1,,,,,,,,,,,,,,,*1E
$GPGSV,3,1,12,02,24,273,00,03,17,039,00,05,05,213,00,06,52,319,00*7F
$GPGSV,3,2,12,09,20,116,00,12,06,325,00,17,56,040,00,19,51,001,00*7B
$GPGSV,3,3,12,23,14,085,00,24,00,289,00,28,45,165,00,30,02,177,00*7F
$GPRMC,070645,V,2222.6115,N,11333.4601,E,,,250717,002.0,W*74
$GPGGA,070645,2222.6115,N,11333.4601,E,0,00,,,M,,M,,*5E
$GPGSA,A,1,,,,,,,,,,,,,,,*1E
$GPGSV,3,1,12,02,24,273,00,03,17,039,00,05,05,213,00,06,52,319,00*7F
$GPGSV,3,2,12,09,20,116,00,12,06,325,00,17,56,040,00,19,51,001,00*7B
$GPGSV,3,3,12,23,14,085,00,24,00,289,00,28,45,165,00,30,02,177,00*7F
$GPRMC,070646,V,2222.6115,N,11333.4601,E,,,250717,002.0,W*77
$GPGGA,070646,2222.6115,N,11333.4601,E,0,00,,,M,,M,,*5D
$GPGSA,A,1,,,,,,,,,,,,,,,*1E
$GPGSV,3,1,12,02,24,273,00,03,17,039,00,05,05,213,00,06,52,320,00*75
$GPGSV,3,2,12,09,20,116,00,12,06,325,00,17,56,040,00,19,51,001,00*7B
$GPGSV,3,3,12,23,14,085,00,24,00,289,00,28,45,165,00,30,02,177,00*7F
$GPRMC,070647,V,2222.6115,N,11333.4601,E,,,250717,002.0,W*76
$GPGGA,070647,2222.6115,N,11333.4601,E,0,00,,,M,,M,,*5C
$GPGSA,A,1,,,,,,,,,,,,,,,*1E
$GPGSV,3,1,12,02,24,273,00,03,17,039,00,05,05,213,00,06,52,320,00*75
$GPGSV,3,2,12,09,20,116,00,12,06,325,00,17,56,040,00,19,51,001,00*7B
$GPGSV,3,3,12,23,14,085,00,24,00,289,00,28,45,165,00,30,02,177,00*7F
$GPRMC,070648,V,2222.6115,N,11333.4601,E,,,250717,002.0,W*79
$GPGGA,070648,2222.6115,N,11333.4601,E,0,00,,,M,,M,,*53
$GPGSA,A,1,,,,,,,,,,,,,,,*1E
$GPGSV,3,1,12,02,24,273,00,03,17,039,00,05,05,213,00,06,52,320,00*75
$GPGSV,3,2,12,09,20,116,00,12,06,325,00,17,56,040,00,19,51,001,00*7B
$GPGSV,3,3,12,23,14,085,00,24,00,289,00,28,45,165,00,30,02,177,00*7F
$GPRMC,070649,V,2222.6115,N,11333.4601,E,,,250717,002.0,W*78
$GPGGA,070649,2222.6115,N,11333.4601,E,0,00,,,M,,M,,*52
$GPGSA,A,1,,,,,,,,,,,,,,,*1E
$GPGSV,3,1,12,02,24,273,00,03,17,039,00,05,05,213,00,06,52,320,00*75
$GPGSV,3,2,12,09,20,116,00,12,06,325,00,17,56,040,00,19,51,001,00*7B
$GPGSV,3,3,12,23,14,085,00,24,00,289,00,28,45,165,00,30,02,177,00*7F
$GPRMC,070650,V,2222.6115,N,11333.4601,E,,,250717,002.0,W*70
$GPGGA,070650,2222.6115,N,11333.4601,E,0,00,,,M,,M,,*5A
$GPGSA,A,1,,,,,,,,,,,,,,,*1E
$GPGSV,3,1,12,02,24,273,00,03,17,039,00,05,05,213,00,06,52,320,00*75
$GPGSV,3,2,12,09,20,116,00,12,06,325,00,17,56,040,00,19,51,001,00*7B
$GPGSV,3,3,12,23,14,085,00,24,00,289,00,28,45,165,00,30,02,177,00*7F
$GPRMC,070651,V,2222.6115,N,11333.4601,E,,,250717,002.0,W*71
$GPGGA,070651,2222.6115,N,11333.4601,E,0,00,,,M,,M,,*5B
$GPGSA,A,1,,,,,,,,,,,,,,,*1E
$GPGSV,3,1,12,02,24,273,00,03,17,039,00,05,05,213,00,06,52,320,00*75
$GPGSV,3,2,12,09,20,116,00,12,06,325,00,17,56,040,00,19,51,001,00*7B
$GPGSV,3,3,12,23,14,085,00,24,00,289,00,28,45,165,00,30,02,177,00*7F
$GPRMC,070652,V,2222.6115,N,11333.4601,E,,,250717,002.0,W*72
$GPGGA,070652,2222.6115,N,11333.4601,E,0,00,,,M,,M,,*58
$GPGSA,A,1,,,,,,,,,,,,,,,*1E
$GPGSV,3,1,12,02,24,273,00,03,17,039,00,05,05,213,00,06,52,320,00*75
$GPGSV,3,2,12,09,20,116,00,12,06,325,00,17,56,040,00,19,51,001,00*7B
$GPGSV,3,3,12,23,14,085,00,24,00,289,00,28,45,165,00,30,02,177,00*7F
$GPRMC,070653,V,2222.6115,N,11333.4601,E,,,250717,002.0,W*73
$GPGGA,070653,2222.6115,N,11333.4601,E,0,00,,,M,,M,,*59
$GPGSA,A,1,,,,,,,,,,,,,,,*1E
$GPGSV,3,1,12,02,24,273,00,03,17,039,00,05,05,213,00,06,52,320,00*75
$GPGSV,3,2,12,09,20,116,00,12,06,325,00,17,56,040,00,19,51,001,00*7B
$GPGSV,3,3,12,23,14,085,00,24,00,289,00,28,45,165,00,30,02,177,00*7F
$GPRMC,070654,V,2222.6115,N,11333.4601,E,,,250717,002.0,W*74
$GPGGA,070654,2222.6115,N,11333.4601,E,0,00,,,M,,M,,*5E
$GPGSA,A,1,,,,,,,,,,,,,,,*1E
$GPGSV,3,1,12,02,24,273,00,03,17,039,00,05,05,213,00,06,52,320,00*75
$GPGSV,3,2,12,09,20,116,00,12,06,325,00,17,56,040,00,19,51,001,00*7B
$GPGSV,3,3,12,23,14,085,00,24,00,289,00,28,45,165,00,30,02,177,00*7F
$GPRMC,070655,V,2222.6115,N,11333.4601,E,,,250717,002.0,W*75
$GPGGA,070655,2222.6115,N,11333.4601,E,0,00,,,M,,M,,*5F
$GPGSA,A,1,,,,,,,,,,,,,,,*1E
$GPGSV,3,1,12,02,24,273,00,03,17,039,00,05,05,213,00,06,52,320,00*75
$GPGSV,3,2,12,09,20,116,00,12,06,325,00,17,56,040,00,19,51,001,00*7B
$GPGSV,3,3,12,23,14,085,00,24,00,289,00,28,45,165,00,30,02,177,00*7F
$GPRMC,070656,V,2222.6115,N,11333.4601,E,,,250717,002.0,W*76
$GPGGA,070656,2222.6115,N,11333.4601,E,0,00,,,M,,M,,*5C
$GPGSA,A,1,,,,,,,,,,,,,,,*1E
$GPGSV,3,1,12,02,24,273,00,03,17,039,00,05,05,213,00,06,52,320,00*75
$GPGSV,3,2,12,09,20,116,00,12,06,325,00,17,56,040,00,19,51,001,00*7B
$GPGSV,3,3,12,23,14,085,00,24,00,289,00,28,45,165,00,30,02,177,00*7F
$GPRMC,070657,V,2222.6115,N,11333.4601,E,,,250717,002.0,W*77
$GPGGA,070657,2222.6115,N,11333.4601,E,0,00,,,M,,M,,*5D
$GPGSA,A,1,,,,,,,,,,,,,,,*1E
$GPGSV,3,1,12,02,24,273,00,03,17,039,00,05,05,213,00,06,52,320,00*75
$GPGSV,3,2,12,09,20,116,00,12,06,325,00,17,56,040,00,19,51,001,00*7B
$GPGSV,3,3,12,23,14,085,00,24,00,289,00,28,45,165,00,30,02,177,00*7F
$GPRMC,070658,V,2222.6115,N,11333.4601,E,,,250717,002.0,W*78
$GPGGA,070658,2222.6115,N,11333.4601,E,0,00,,,M,,M,,*52
$GPGSA,A,1,,,,,,,,,,,,,,,*1E
$GPGSV,3,1,12,02,24,273,00,03,17,039,00,05,05,213,00,06,52,320,00*75
$GPGSV,3,2,12,09,20,116,00,12,06,325,00,17,56,040,00,19,51,001,00*7B
$GPGSV,3,3,12,23,14,085,00,24,00,289,00,28,45,165,00,30,02,177,00*7F
$GPRMC,070659,V,2222.6115,N,11333.4601,E,,,250717,002.0,W*79
$GPGGA,070659,2222.6115,N,11333.4601,E,0,00,,,M,,M,,*53
$GPGSA,A,1,,,,,,,,,,,,,,,*1E
$GPGSV,3,1,12,02,24,273,00,03,17,039,00,05,05,213,00,06,52,320,00*75
$GPGSV,3,2,12,09,20,116,00,12,06,325,00,17,56,040,00,19,51,001,00*7B
$GPGSV,3,3,12,23,14,085,00,24,00,289,00,28,45,165,00,30,02,177,00*7F
$GPRMC,070700,V,2222.6115,N,11333.4601,E,,,250717,002.0,W*74
$GPGGA,070700,2222.6115,N,11333.4601,E,0,00,,,M,,M,,*5E
$GPGSA,A,1,,,,,,,,,,,,,,,*1E
$GPGSV,3,1,12,02,24,273,00,03,17,039,00,05,05,213,00,06,52,320,00*75
$GPGSV,3,2,12,09,20,116,00,12,06,325,00,17,56,040,00,19,51,001,00*7B
$GPGSV,3,3,12,23,14,085,00,24,00,289,00,28,45,165,00,30,02,177,00*7F
$GPRMC,070701,V,2222.6115,N,11333.4601,E,,,250717,002.0,W*75
$GPGGA,070701,2222.6115,N,11333.4601,E,0,00,,,M,,M,,*5F
$GPGSA,A,1,,,,,,,,,,,,,,,*1E
$GPGSV,3,1,12,02,24,273,00,03,17,039,00,05,05,213,00,06,52,320,00*75
$GPGSV,3,2,12,09,20,116,00,12,06,325,00,17,56,040,00,19,51,001,00*7B
$GPGSV,3,3,12,23,14,085,00,24,00,289,00,28,45,165,00,30,02,177,00*7F
$GPRMC,070702,V,2222.6115,N,11333.4601,E,,,250717,002.0,W*76
$GPGGA,070702,2222.6115,N,11333.4601,E,0,00,,,M,,M,,*5C
$GPGSA,A,1,,,,,,,,,,,,,,,*1E
$GPGSV,3,1,12,02,24,273,00,03,17,039,00,05,05,213,00,06,52,320,00*75
$GPGSV,3,2,12,09,20,116,00,12,06,325,00,17,56,040,00,19,51,001,00*7B
$GPGSV,3,3,12,23,14,085,00,24,00,289,00,28,45,165,00,30,02,177,00*7F
$GPRMC,070703,V,2222.6115,N,11333.4601,E,,,250717,002.0,W*77
$GPGGA,070703,2222.6115,N,11333.4601,E,0,00,,,M,,M,,*5D
$GPGSA,A,1,,,,,,,,,,,,,,,*1E
$GPGSV,3,1,12,02,24,273,00,03,17,039,00,05,05,213,00,06,52,320,00*75
$GPGSV,3,2,12,09,20,116,00,12,06,325,00,17,56,040,00,19,51,001,00*7B
$GPGSV,3,3,12,23,14,085,00,24,00,289,00,28,45,165,00,30,02,177,00*7F
$GPRMC,070704,V,2222.6115,N,11333.4601,E,,,250717,002.0,W*70
$GPGGA,070704,2222.6115,N,11333.4601,E,0,00,,,M,,M,,*5A
$GPGSA,A,1,,,,,,,,,,,,,,,*1E
$GPGSV,3,1,12,02,24,273,00,03,17,039,00,05,05,213,00,06,52,320,00*75
$GPGSV,3,2,12,09,20,116,00,12,06,325,00,17,56,040,00,19,51,001,00*7B
$GPGSV,3,3,12,23,14,085,00,24,00,289,00,28,45,165,00,30,02,177,00*7F
$GPRMC,070705,V,2222.6115,N,11333.4601,E,,,250717,002.0,W*71
$GPGGA,070705,2222.6115,N,11333.4601,E,0,00,,,M,,M,,*5B
$GPGSA,A,1,,,,,,,,,,,,,,,*1E
$GPGSV,3,1,12,02,24,273,00,03,17,039,00,05,05,213,00,06,52,320,00*75
$GPGSV,3,2,12,09,20,116,00,12,06,325,00,17,56,040,00,19,51,001,00*7B
$GPGSV,3,3,12,23,14,085,00,24,00,289,00,28,45,165,00,30,02,177,00*7F
$GPRMC,070706,V,2222.6115,N,11333.4601,E,,,250717,002.0,W*72
$GPGGA,070706,2222.6115,N,11333.4601,E,0,00,,,M,,M,,*58
$GPGSA,A,1,,,,,,,,,,,,,,,*1E
$GPGSV,3,1,12,02,24,273,00,03,17,039,00,05,05,213,00,06,52,320,00*75
$GPGSV,3,2,12,09,20,116,00,12,06,325,00,17,56,040,00,19,51,001,00*7B
$GPGSV,3,3,12,23,14,085,00,24,00,289,00,28,45,165,00,30,02,177,00*7F
$GPRMC,070707,V,2222.6115,N,11333.4601,E,,,250717,002.0,W*73
$GPGGA,070707,2222.6115,N,11333.4601,E,0,00,,,M,,M,,*59
$GPGSA,A,1,,,,,,,,,,,,,,,*1E
$GPGSV,3,1,12,02,24,273,00,03,17,039,00,05,05,213,00,06,52,320,00*75
$GPGSV,3,2,12,09,20,116,00,12,06,325,00,17,56,040,00,19,51,001,00*7B
$GPGSV,3,3,12,23,14,085,00,24,00,289,00,28,45,165,00,30,02,177,00*7F
$GPRMC,070708,V,2222.6115,N,11333.4601,E,,,250717,002.0,W*7C
$GPGGA,070708,2222.6115,N,11333.4601,E,0,00,,,M,,M,,*56
$GPGSA,A,1,,,,,,,,,,,,,,,*1E
$GPGSV,3,1,12,02,24,273,00,03,17,039,00,05,05,213,00,06,52,320,00*75
$GPGSV,3,2,12,09,20,116,00,12,06,325,00,17,56,040,00,19,51,001,00*7B
$GPGSV,3,3,12,23,14,085,00,24,00,289,00,28,45,165,00,30,02,177,00*7F
$GPRMC,070709,V,2222.6115,N,11333.4601,E,,,250717,002.0,W*7D
$GPGGA,070709,2222.6115,N,11333.4601,E,0,00,,,M,,M,,*57
$GPGSA,A,1,,,,,,,,,,,,,,,*1E
$GPGSV,3,1,12,02,24,273,00,03,17,039,00,05,05,213,00,06,52,320,00*75
$GPGSV,3,2,12,09,20,116,00,12,06,325,00,17,56,040,00,19,51,001,00*7B
$GPGSV,3,3,12,23,14,085,00,24,00,289,00,28,45,165,00,30,02,177,00*7F
$GPRMC,070710,V,2222.6115,N,11333.4601,E,,,250717,002.0,W*75
$GPGGA,070710,2222.6115,N,11333.4601,E,0,00,,,M,,M,,*5F
$GPGSA,A,1,,,,,,,,,,,,,,,*1E
$GPGSV,3,1,12,02,24,273,00,03,17,039,00,05,05,213,00,06,52,320,00*75
$GPGSV,3,2,12,09,20,116,00,12,06,325,00,17,56,040,00,19,51,001,00*7B
$GPGSV,3,3,12,23,14,085,00,24,00,289,00,28,45,165,00,30,02,177,00*7F
$GPRMC,070711,V,2222.6115,N,11333.4601,E,,,250717,002.0,W*74
$GPGGA,070711,2222.6115,N,11333.4601,E,0,00,,,M,,M,,*5E
$GPGSA,A,1,,,,,,,,,,,,,,,*1E
$GPGSV,3,1,12,02,24,273,00,03,17,039,00,05,05,213,00,06,52,320,00*75
$GPGSV,3,2,12,09,20,116,00,12,06,325,00,17,56,040,00,19,51,001,00*7B
